roa=[
    
0   0
0.25 0
0.5 0
0.75 0
1   0
1.25 0
1.5 0
1.75 0
2   0
2.25 0
2.5 0
2.75 0
3   0
3.25 0
3.5 0
3.75 0
4   0
4.25 0
4.5 0
4.75 0
5   0
5 0.25
5 0.5
5 0.75
5   1
5 1.25
5   1.5
5 1.75
5   2
5 2.25
5   2.5
5 2.75
5   3
5 3.25
5   3.5
5  3.75
5   4
5 4.25
5   4.5
5 4.75
5   5
4.75 5
4.5   5
4.25 5
4   5
3.75 5
3.5   5
3.25 5
3   5
2.75 5
2.5   5
2.25 5
2   5
1.75 5
1.5   5
1.25 5
1   5
0.75 5
0.5  5
0.25 5
0   5
0 4.75
0   4.5
0 4.25
0   4
0 3.75
0   3.5
0 3.25
0   3
0 2.75
0   2.5
0 2.25
0   2
0 1.75
0   1.5
0 1.25
0   1
0 0.75
0   0.5
0 0.25
    ];